46
0.1      0.3     1.5e-6	    100     1.5e-6
0.3	 0.44	 1.8e-6	    100	    1.8e-6
0+44	 0+8	 4.1e-6	    100	    4.1e-6
0+8	 1+8	 4.1e-5	    100	    4.1e-5
1+8	 2+3	 1.2e-4	    100	    1.2e-4
2+3	 3+1	 3.1e-4	    100	    3.2e-4
3+1	 4+4	 1.0e-3	    100	    1.0e-3
4+4	 5+0	 2.0e-3	    100	    2.0e-3
5+0	 6+15	 3.4e-3	    100	    3.5e-3
6+15	 10	 1.2e-2	    100	    1.2e-2
10	 15	 4.8e-2	    100	    5.0e-2
15	 20	 0.14  	    100	    0.14
20	 25	 0.40  	    100	    0.37
25.63	 25.63	 0.63  	    100	    0.55
28.415	 28.415	 0.89  	    100	    0.71
25	 30	 0.76  	    100	    0.69
30.331	 30.331	 1.0   	    100	    0.93
30.378	 30.378	 1.0   	    100	    0.94
30	 35	 1.34  	    100	    1.34
36.807	 36.807	 1.95  	    100	    1.9
35	 40	 2.1   	    100	    2.0
40	 45	 2.9   	    100	    2.8
46.522	 46.522	 3.7   	    100	    3.6
45	 50	 3.8   	    100	    3.7
50	 55	 5.0   	    100	    4.9
55.437	 55.437	 5.8   	    100	    5.8
58.433	 58.433	 6.4   	    100	    6.4
55	 60	 6.3   	    100	    6.2
60.976	 60.976	 7.4   	    100	    7.4
62.973	 62.973	 7.9   	    100	    7.9
60	 65	 7.8   	    100	    7.8
65	 70	 8.9   	    100	    8.9
70.336	 70.336	 10.3  	    100	    10.3
70	 75	 11.1  	    100	    9.2
76.515	 76.515	 12.4  	    100	    10.2
77.041	 77.041	 12.6  	    100	    9.9
78.936	 78.936	 13.4  	    100	    6.3
75	 80	 12.8  	    100	    7.9
80	 85	 14.3  	    100	    2.6
85	 90	 16.0  	    100	    0
90	 95	 26.3  	    100	    0
97.702	 97.702	 36.2  	    100	    0
95	 100	 32.9  	    100	    0
102.572	 102.572 28.5  	    100	    0
103.191	 103.191 26.3  	    100	    0
100	 105	 25.2  	    100	    0
