41
0.1      0.3     3.4e-4     51     23     26     3.4e-4
0.3	 0.44	 1.3e-3	    51	   23	  26	 1.3e-3
0+44	 0+8	 7+0e-3	    51	   23	  26	 7+0e-3
0+8	 1+8	 6+5e-2	    51	   23	  26	 6+5e-2
1+8	 2+3	 0+17	    51	   23	  26	 0+17
2+3	 3+1	 0+38	    51	   23	  26	 0+38
3+1	 4+4	 0+81	    51	   23	  26	 0+81
4+4	 5+0	 8+0e-2	    51	   23	  26	 8+0e-2
5+0	 6+15	 0+15	    51	   23	  26	 0+15
6+15	 10	 0+26	    51	   23	  26	 0+26
10	 15	 0+85	    51	   23	  26	 0+85
15	 20	 2+26	    51	   23	  26	 2+26
20	 25	 3+6	    60	   24	  16	 3+6
25.63	 25.63	 4.7	    66	   21	  13	 4.7
28.415	 28.415	 5.6	    72	   18	  10	 5.6
25	 30	 5.2	    72	   18	  10	 5.2
30.331	 30.331	 6.3	    74	   17	  9	 6.3
30.378	 30.378	 6.3	    74	   17	  9	 6.3
30	 35	 7.4	    78	   15	  7	 7.4
36.807	 36.807	 10.7	    86	   10	  4	 10.7
35	 40	 11.2	    87	   10	  3	 11.2
40	 45	 15.2	    93	   6	  1	 15.2
46.522	 46.522	 19.0	    95	   5	  0	 19.0
45	 50	 19.8	    96	   4	  0	 19.8
50	 55	 24.6	    99	   1	  0	 24.6
55.437	 55.437	 27.7	    100	   0	  0	 27.7
58.433	 58.433	 30.8	    100	   0	  0	 30.8
55	 60	 29.7	    100	   0	  0	 29.7
60.976	 60.976	 33.2	    100	   0	  0	 33.2
62.973	 62.973	 34.8	    100	   0	  0	 34.8
60	 65	 34.0	    100	   0	  0	 34.0
65	 70	 37.3	    100	   0	  0	 37.3
70.336	 70.336	 40.2	    100	   0	  0	 40.2
70	 75	 41.7	    100	   0	  0	 41.7
76.515	 76.515	 43.8	    100	   0	  0	 43.8
77.041	 77.041	 44.1	    100	   0	  0	 44.1
78.936	 78.936	 45.5	    100	   0	  0	 45.5
75	 80	 44.3	    100	   0	  0	 44.3
80	 85	 48.3	    100	   0	  0	 40.0
85	 90	 48.9	    100	   0	  0	 29.0
90	 95	 40	    100	   0	  0	 13
